00010000110000000000000000000000
00000000010100000110000000000000
10110000000100110000000000011100
00100100000101000011001100010011
00110100000101000000010000001011
00110000000000000000010000001001
00010000110000000011000000000000
00010000010000000000000000000000
11110000000100010000000000000000
00010001101000000011000100000000
01110000001000000000000000000000
00110000000000000000010000001111
00010000110000000011000000000000
00010000010000000000000000000000
11100000000100010001000000000000
00010000110000000011000000000000
00000000010100010110000100000000
10011000000110100000000000000000
01100000000100011010000100000000
00110100000101000000010000011001
00110000000000000000010000010111
00110000000000000000000100000000
01101000000100001000001100000000
01010000000000000000000100010110
01110000000000000000000000000000
00110000000000000000010000011011
01101000000100001000001100000000
01101000000100011000001100000000
00100100000101000011001100101000
00110100000101000000010000100011
00110000000000000000010000100001
00000000000110100010001100000000
01110000110000001010000000000111
00000000000110100010001100000000
01110001101000001010000100001010
00110000000000000000010000100110
00000000000110100010001100000000
01110000110000001010000000001101
00000000000110100010001100000000
01110000110000001010000000010000
00110100000101000000010000101110
00110000000000000000010000101100
00110000000000000000000100010110
01110000000000000000000000000000
01010000000000000000000100000000
01101000000100001000001100000000
00110100000101000000010000110010
00000000000100100111001000000000
00010001101000000010000000000000
01101000001100001000001100000000
00110100000101000000010001000001
00110100000101000000010000111011
00110000000000000000010000111000
00010000110000000001000000000000
00000000010100100111001000000000
01110000101000000010000000001010
00000000110100100010011000000000
00010000010000000000000000000000
01110000101000000001000000001010
00110000000000000000010000111110
00000000000100100111001000000000
01110001101000000010000100001010
00000000110100100010011000000000
00010000010000000000000000000000
11110000000100010000000000000000
00110100000101000000010001001001
00110000000000000000010001000110
00000000110100100010011000000000
00010000010000000000000000000000
11110000000100000000000000000000
00010000000110100000000100000000
00010000000100010000001000000000
01110000000100100000101000000000
00110100000101000000010001001100
00001000000110101001001100000000
01100000000100101010001000000000
00110100000101000000010001010000
00001000000110101001001100000000
00011000000110100000101000000000
01100000000110100110101001001011
00110100000101000000010001010100
00110000000000000000010001010011
01110000000100010000111100000000
01110000000111110000000100000000
00110100000101000000010001100001
00010010000110100000100100000000
00010010000110100000101000000000
00010010000110100000101000000000
00010010000110100000101000000000
01001000000110101010001100000000
00000000000101000110010100000000
01001000000000000100000101100000
00011010000100010000000100000000
00011000000100010000000100000000
01000000000110100111101000000000
01110000000000000000000001011011
01110010000100010000000101011110
00110000000000000000010001100011
01101000000100011111000100000000
01110000000000000000000001100011
